-시트자료-
1~100

0,100,300,600,1000,1500,2100,2800,3600,4500,5500,6600,7800,9100,10500,12000,13600,15300,17100,19000,21000,23100,25300,27600,30000,32500,35100,37900,41000,44400,48600,53200,58200,63600,69400,75700,82400,89600,97300,105500,114300,123600,133500,144000,155100,166900,179400,192500,206400,221000,236400,252500,269400,287100,305700,325200,345600,366900,389200,412500,436800,462100,488400,515800,544300,573900,604700,636700,669900,704300,749400,796200,844800,895200,947400,1001400,1057300,1115200,1175000,1236800,1300700,1366700,1434800,1505100,1577700,1652500,1729600,1809100,1891000,1975300,2087900,2204000,2323500,2446600,2573300,2703700,2837800,2975700,3117500,3263200,

100~120:

100000,220000,360000,520000,700000,900000,1120000,1360000,1640000,2000000,2480000,3120000,4020000,5220000,6820000,9020000,12020000,16020000,21020000,27020000

100~120(서약):

50000,110000,180000,260000,350000,450000,560000,680000,820000,1000000,1240000,1560000,2010000,2610000,3410000,4510000,6010000,8010000,10510000,13510000


-계산용-
1~100

0,100,300,600,1000,1500,2100,2800,3600,4500,5500,6600,7800,9100,10500,12000,13600,15300,17100,19000,21000,23100,25300,27600,30000,32500,35100,37900,41000,44400,48600,53200,58200,63600,69400,75700,82400,89600,97300,105500,114300,123600,133500,144000,155100,166900,179400,192500,206400,221000,236400,252500,269400,287100,305700,325200,345600,366900,389200,412500,436800,462100,488400,515800,544300,573900,604700,636700,669900,704300,749400,796200,844800,895200,947400,1001400,1057300,1115200,1175000,1236800,1300700,1366700,1434800,1505100,1577700,1652500,1729600,1809100,1891000,1975300,2087900,2204000,2323500,2446600,2573300,2703700,2837800,2975700,3117500,3263200,

100~120:

3363200,3483200,3623200,3783200,3963200,4163200,4383200,4623200,4903200,5263200,5743200,6383200,7283200,8483200,10083200,12283200,15283200,19283200,24283200,30283200

100~120(서약):

3313200,3373200,3443200,3523200,3613200,3713200,3823200,3943200,4083200,4263200,4503200,4823200,5273200,5873200,6673200,7773200,9273200,11273200,13773200,16773200

1~120
0,100,300,600,1000,1500,2100,2800,3600,4500,5500,6600,7800,9100,10500,12000,13600,15300,17100,19000,21000,23100,25300,27600,30000,32500,35100,37900,41000,44400,48600,53200,58200,63600,69400,75700,82400,89600,97300,105500,114300,123600,133500,144000,155100,166900,179400,192500,206400,221000,236400,252500,269400,287100,305700,325200,345600,366900,389200,412500,436800,462100,488400,515800,544300,573900,604700,636700,669900,704300,749400,796200,844800,895200,947400,1001400,1057300,1115200,1175000,1236800,1300700,1366700,1434800,1505100,1577700,1652500,1729600,1809100,1891000,1975300,2087900,2204000,2323500,2446600,2573300,2703700,2837800,2975700,3117500,3263200,3363200,3483200,3623200,3783200,3963200,4163200,4383200,4623200,4903200,5263200,5743200,6383200,7283200,8483200,10083200,12283200,15283200,19283200,24283200,30283200

1~120(서약):
0,100,300,600,1000,1500,2100,2800,3600,4500,5500,6600,7800,9100,10500,12000,13600,15300,17100,19000,21000,23100,25300,27600,30000,32500,35100,37900,41000,44400,48600,53200,58200,63600,69400,75700,82400,89600,97300,105500,114300,123600,133500,144000,155100,166900,179400,192500,206400,221000,236400,252500,269400,287100,305700,325200,345600,366900,389200,412500,436800,462100,488400,515800,544300,573900,604700,636700,669900,704300,749400,796200,844800,895200,947400,1001400,1057300,1115200,1175000,1236800,1300700,1366700,1434800,1505100,1577700,1652500,1729600,1809100,1891000,1975300,2087900,2204000,2323500,2446600,2573300,2703700,2837800,2975700,3117500,3263200,3313200,3373200,3443200,3523200,3613200,3713200,3823200,3943200,4083200,4263200,4503200,4823200,5273200,5873200,6673200,7773200,9273200,11273200,13773200,16773200
